Loading processed data …
  train raw: (103944, 41)  |  test raw: (1840, 38)
Refining features (+ drought proxy index) …
  Input features (35): ['prec', 'surf_pre', 'humidity', 'tmp', 'tmp_max', 'tmp_min', 'tmp_range', 'wind', 'wind_max', 'wind_min', 'wind_range', 'month', 'week_of_year', 'prec_roll_sum_4w', 'tmp_roll_mean_4w', 'humidity_roll_mean_4w', 'prec_roll_sum_8w', 'tmp_roll_mean_8w', 'humidity_roll_mean_8w', 'prec_roll_sum_13w', 'tmp_roll_mean_13w', 'humidity_roll_mean_13w', 'tmp_lag1w', 'humidity_lag1w', 'prec_lag1w', 'wind_lag1w', 'tmp_lag2w', 'humidity_lag2w', 'prec_lag2w', 'wind_lag2w', 'pet', 'deficit', 'deficit_roll_cum_4w', 'deficit_roll_cum_8w', 'deficit_roll_cum_13w']
  train after refinement: (103678, 43)  |  test: (1840, 40)
Fitting StandardScaler on training feature matrix …

=================================================================
Walk-Forward Cross-Validation  (3 folds × 5 weeks)
=================================================================

── Fold 1/3 ──
  Train seqs: 100,752  |  Val seqs: 133
=================================================================
 Epoch  BlendLoss   TrainMAE     ValMAE         LR
=================================================================
     1      1.2932      0.9787      0.6014    1.00e-03 ✓
     2      1.0348      0.7815      0.5284    1.00e-03 ✓
     3      0.9193      0.7021      0.5472    1.00e-03
     4      0.8428      0.6471      0.4850    1.00e-03 ✓
     5      0.7854      0.6059      0.6344    1.00e-03
     6      0.7443      0.5765      0.7164    1.00e-03
     7      0.7087      0.5511      0.6598    1.00e-03
     8      0.6755      0.5263      0.6387    1.00e-03
     9      0.6505      0.5077      0.6546    1.00e-03
    10      0.6268      0.4901      0.6191    1.00e-03
    11      0.6096      0.4779      0.6185    1.00e-03
    12      0.5892      0.4624      0.5929    1.00e-03
    13      0.5766      0.4528      0.5802    1.00e-03
    14      0.5608      0.4414      0.6383    1.00e-03
    15      0.5479      0.4312      0.6647    5.00e-04
    16      0.5163      0.4077      0.7166    5.00e-04
    17      0.5066      0.4006      0.7114    5.00e-04
    18      0.4991      0.3947      0.6319    5.00e-04
    19      0.4931      0.3902      0.7250    5.00e-04
    20      0.4868      0.3853      0.7353    5.00e-04
    21      0.4838      0.3832      0.7222    5.00e-04
    22      0.4789      0.3793      0.7029    5.00e-04
    23      0.4748      0.3763      0.7027    5.00e-04
    24      0.4704      0.3728      0.7759    5.00e-04
    25      0.4650      0.3686      0.7357    5.00e-04
    26      0.4610      0.3657      0.7129    2.50e-04
    27      0.4477      0.3553      0.6772    2.50e-04
    28      0.4451      0.3534      0.7637    2.50e-04
    29      0.4416      0.3507      0.7373    2.50e-04

  Early stopping at epoch 29 (no MAE improvement for 25 epochs).
=================================================================
  Best Val MAE: 0.4850
  Fold 1 Best Val MAE: 0.4850

── Fold 2/3 ──
  Train seqs: 100,087  |  Val seqs: 133
=================================================================
 Epoch  BlendLoss   TrainMAE     ValMAE         LR
=================================================================
     1      1.3021      0.9909      0.8188    1.00e-03 ✓
     2      1.0522      0.7889      0.6562    1.00e-03 ✓
     3      0.9315      0.7059      0.7702    1.00e-03
     4      0.8565      0.6550      0.6272    1.00e-03 ✓
     5      0.8069      0.6201      0.7448    1.00e-03
     6      0.7605      0.5871      0.7015    1.00e-03
     7      0.7285      0.5638      0.5962    1.00e-03 ✓
     8      0.7005      0.5433      0.6015    1.00e-03
     9      0.6759      0.5242      0.6302    1.00e-03
    10      0.6534      0.5076      0.6254    1.00e-03
    11      0.6342      0.4943      0.6441    1.00e-03
    12      0.6188      0.4822      0.6578    1.00e-03
    13      0.6021      0.4704      0.7055    1.00e-03
    14      0.5855      0.4575      0.8521    1.00e-03
    15      0.5724      0.4485      0.6608    1.00e-03
    16      0.5594      0.4378      0.7159    1.00e-03
    17      0.5450      0.4277      0.6364    1.00e-03
    18      0.5342      0.4192      0.7078    5.00e-04
    19      0.5056      0.3985      0.5992    5.00e-04
    20      0.4977      0.3921      0.7094    5.00e-04
    21      0.4925      0.3879      0.5483    5.00e-04 ✓
    22      0.4883      0.3854      0.7080    5.00e-04
    23      0.4823      0.3805      0.6409    5.00e-04
    24      0.4786      0.3775      0.7293    5.00e-04
    25      0.4738      0.3736      0.6322    5.00e-04
    26      0.4692      0.3707      0.6520    5.00e-04
    27      0.4648      0.3670      0.7006    5.00e-04
    28      0.4611      0.3638      0.7684    5.00e-04
    29      0.4577      0.3615      0.6686    5.00e-04
    30      0.4530      0.3582      0.6838    5.00e-04
    31      0.4504      0.3562      0.6963    5.00e-04
    32      0.4478      0.3539      0.7138    2.50e-04
    33      0.4338      0.3438      0.7153    2.50e-04
    34      0.4313      0.3415      0.6929    2.50e-04
    35      0.4285      0.3393      0.6859    2.50e-04
    36      0.4288      0.3398      0.7663    2.50e-04
    37      0.4263      0.3377      0.7529    2.50e-04
    38      0.4230      0.3353      0.7469    2.50e-04
    39      0.4228      0.3350      0.8174    2.50e-04
    40      0.4202      0.3333      0.7749    2.50e-04
    41      0.4184      0.3315      0.8097    2.50e-04
    42      0.4167      0.3305      0.7388    2.50e-04
    43      0.4159      0.3299      0.7503    1.25e-04
    44      0.4082      0.3240      0.7289    1.25e-04
    45      0.4081      0.3238      0.7531    1.25e-04
    46      0.4072      0.3232      0.7367    1.25e-04

  Early stopping at epoch 46 (no MAE improvement for 25 epochs).
=================================================================
  Best Val MAE: 0.5483
  Fold 2 Best Val MAE: 0.5483

── Fold 3/3 ──
  Train seqs: 99,422  |  Val seqs: 133
=================================================================
 Epoch  BlendLoss   TrainMAE     ValMAE         LR
=================================================================
     1      1.2913      0.9789      0.8922    1.00e-03 ✓
     2      1.0390      0.7816      0.7296    1.00e-03 ✓
     3      0.9231      0.7022      0.8383    1.00e-03
     4      0.8452      0.6461      0.6494    1.00e-03 ✓
     5      0.7888      0.6065      0.6152    1.00e-03 ✓
     6      0.7466      0.5758      0.7999    1.00e-03
     7      0.7032      0.5458      0.7266    1.00e-03
     8      0.6769      0.5262      0.7776    1.00e-03
     9      0.6520      0.5079      0.7092    1.00e-03
    10      0.6298      0.4920      0.7474    1.00e-03
    11      0.6085      0.4762      0.7409    1.00e-03
    12      0.5899      0.4628      0.8331    1.00e-03
    13      0.5770      0.4530      0.7651    1.00e-03
    14      0.5624      0.4420      0.6633    1.00e-03
    15      0.5486      0.4321      0.6788    1.00e-03
    16      0.5393      0.4246      0.7303    5.00e-04
    17      0.5059      0.3994      0.7477    5.00e-04
    18      0.4978      0.3936      0.7235    5.00e-04
    19      0.4909      0.3887      0.7797    5.00e-04
    20      0.4866      0.3851      0.7668    5.00e-04
    21      0.4800      0.3795      0.7289    5.00e-04
    22      0.4770      0.3773      0.7358    5.00e-04
    23      0.4719      0.3737      0.7973    5.00e-04
    24      0.4690      0.3711      0.8087    5.00e-04
    25      0.4636      0.3674      0.7851    5.00e-04
    26      0.4580      0.3628      0.7362    5.00e-04
    27      0.4549      0.3602      0.7517    2.50e-04
    28      0.4399      0.3491      0.7441    2.50e-04
    29      0.4368      0.3467      0.8448    2.50e-04
    30      0.4352      0.3455      0.7901    2.50e-04

  Early stopping at epoch 30 (no MAE improvement for 25 epochs).
=================================================================
  Best Val MAE: 0.6152
  Fold 3 Best Val MAE: 0.6152

=================================================================
Fold MAEs : ['0.4850', '0.5483', '0.6152']
Average_Val_MAE : 0.5495
=================================================================

=================================================================
Final model training (all training data) …
=================================================================
  Full train sequences: 101,417

DroughtLSTM Architecture (v2)
========================================
  Input size   : 35  (features per week)
  LSTM layers  : 2
  Hidden size  : 64
  Dropout      : 0.4
  Output (FC)  : 5  (direct 5-step forecast)
  Activation   : Sigmoid × 5.0  → (0, 5.0)
----------------------------------------
  Total params : 59,461
=================================================================
 Epoch  BlendLoss   TrainMAE     ValMAE         LR
=================================================================
     1      1.2553      0.9469      0.5635    1.00e-03 ✓
     2      1.0138      0.7669      0.4572    1.00e-03 ✓
     3      0.9080      0.6924      0.3985    1.00e-03 ✓
     4      0.8421      0.6442      0.4537    1.00e-03
     5      0.7883      0.6061      0.4646    1.00e-03
     6      0.7431      0.5748      0.4363    1.00e-03
     7      0.7048      0.5478      0.5486    1.00e-03
     8      0.6741      0.5251      0.5260    1.00e-03
     9      0.6502      0.5070      0.4384    1.00e-03
    10      0.6286      0.4909      0.4963    1.00e-03
    11      0.6106      0.4780      0.4339    1.00e-03
    12      0.5901      0.4632      0.4396    1.00e-03
    13      0.5774      0.4532      0.4096    1.00e-03
    14      0.5622      0.4423      0.4366    5.00e-04
    15      0.5288      0.4170      0.4463    5.00e-04
    16      0.5211      0.4113      0.3963    5.00e-04 ✓
    17      0.5148      0.4063      0.4505    5.00e-04
    18      0.5057      0.3994      0.4574    5.00e-04
    19      0.5010      0.3957      0.4425    5.00e-04
    20      0.4957      0.3920      0.4350    5.00e-04
    21      0.4893      0.3869      0.4019    5.00e-04
    22      0.4863      0.3850      0.3800    5.00e-04 ✓
    23      0.4789      0.3792      0.3995    5.00e-04
    24      0.4738      0.3752      0.3978    5.00e-04
    25      0.4685      0.3713      0.4219    5.00e-04
    26      0.4655      0.3690      0.3739    5.00e-04 ✓
    27      0.4619      0.3662      0.3998    5.00e-04
    28      0.4575      0.3627      0.3807    5.00e-04
    29      0.4535      0.3596      0.3722    5.00e-04 ✓
    30      0.4516      0.3584      0.4184    5.00e-04
    31      0.4498      0.3572      0.3587    5.00e-04 ✓
    32      0.4439      0.3523      0.3682    5.00e-04
    33      0.4404      0.3499      0.3441    5.00e-04 ✓
    34      0.4383      0.3479      0.3418    5.00e-04 ✓
    35      0.4338      0.3450      0.3782    5.00e-04
    36      0.4294      0.3414      0.3341    5.00e-04 ✓
    37      0.4268      0.3391      0.3432    5.00e-04
    38      0.4240      0.3372      0.3615    5.00e-04
    39      0.4212      0.3349      0.3940    5.00e-04
    40      0.4185      0.3331      0.3597    5.00e-04
    41      0.4154      0.3309      0.3526    5.00e-04
    42      0.4138      0.3292      0.3919    5.00e-04
    43      0.4109      0.3268      0.3796    5.00e-04
    44      0.4091      0.3255      0.3466    5.00e-04
    45      0.4055      0.3226      0.3391    5.00e-04
    46      0.4009      0.3193      0.3524    5.00e-04
    47      0.4009      0.3195      0.3389    2.50e-04
    48      0.3873      0.3090      0.3409    2.50e-04
    49      0.3861      0.3080      0.3565    2.50e-04
    50      0.3822      0.3052      0.3769    2.50e-04
    51      0.3827      0.3051      0.3706    2.50e-04
    52      0.3818      0.3048      0.3531    2.50e-04
    53      0.3791      0.3026      0.3550    2.50e-04
    54      0.3786      0.3024      0.3320    2.50e-04 ✓
    55      0.3765      0.3007      0.3825    2.50e-04
    56      0.3766      0.3007      0.3580    2.50e-04
    57      0.3742      0.2989      0.3731    2.50e-04
    58      0.3729      0.2981      0.3336    2.50e-04
    59      0.3718      0.2974      0.3271    2.50e-04 ✓
    60      0.3716      0.2970      0.3600    2.50e-04
    61      0.3692      0.2952      0.3768    2.50e-04
    62      0.3681      0.2940      0.3344    2.50e-04
    63      0.3675      0.2938      0.3377    2.50e-04
    64      0.3671      0.2935      0.3603    2.50e-04
    65      0.3668      0.2932      0.3650    2.50e-04
    66      0.3646      0.2915      0.3527    2.50e-04
    67      0.3641      0.2912      0.3306    2.50e-04
    68      0.3636      0.2908      0.3254    2.50e-04 ✓
    69      0.3625      0.2899      0.3491    2.50e-04
    70      0.3612      0.2889      0.3238    2.50e-04 ✓
    71      0.3597      0.2876      0.3004    2.50e-04 ✓
    72      0.3596      0.2880      0.3176    2.50e-04
    73      0.3594      0.2874      0.2921    2.50e-04 ✓
    74      0.3577      0.2863      0.3313    2.50e-04
    75      0.3566      0.2854      0.3167    2.50e-04
    76      0.3556      0.2844      0.3111    2.50e-04
    77      0.3548      0.2839      0.3227    2.50e-04
    78      0.3536      0.2832      0.3061    2.50e-04
    79      0.3519      0.2816      0.2748    2.50e-04 ✓
    80      0.3528      0.2822      0.2986    2.50e-04
    81      0.3506      0.2807      0.2934    2.50e-04
    82      0.3499      0.2804      0.2986    2.50e-04
    83      0.3503      0.2804      0.2864    2.50e-04
    84      0.3488      0.2793      0.2762    2.50e-04
    85      0.3473      0.2783      0.2845    2.50e-04
    86      0.3467      0.2779      0.3142    2.50e-04
    87      0.3450      0.2764      0.2630    2.50e-04 ✓
    88      0.3446      0.2763      0.3105    2.50e-04
    89      0.3445      0.2764      0.2981    2.50e-04
    90      0.3426      0.2748      0.2856    2.50e-04
    91      0.3411      0.2737      0.2902    2.50e-04
    92      0.3434      0.2754      0.3064    2.50e-04
    93      0.3408      0.2733      0.3326    2.50e-04
    94      0.3406      0.2731      0.2916    2.50e-04
    95      0.3404      0.2731      0.2871    2.50e-04
    96      0.3391      0.2720      0.2702    2.50e-04
    97      0.3373      0.2707      0.2813    2.50e-04
    98      0.3373      0.2705      0.3093    1.25e-04
    99      0.3317      0.2663      0.2714    1.25e-04
   100      0.3311      0.2659      0.3087    1.25e-04
   101      0.3293      0.2644      0.2966    1.25e-04
   102      0.3306      0.2652      0.2681    1.25e-04
   103      0.3292      0.2645      0.2912    1.25e-04
   104      0.3290      0.2642      0.2762    1.25e-04
   105      0.3286      0.2638      0.2889    1.25e-04
   106      0.3274      0.2630      0.2751    1.25e-04
   107      0.3270      0.2625      0.2770    1.25e-04
   108      0.3272      0.2629      0.2871    1.25e-04
   109      0.3264      0.2622      0.2713    6.25e-05
   110      0.3252      0.2613      0.2746    6.25e-05
   111      0.3243      0.2607      0.2557    6.25e-05 ✓
   112      0.3245      0.2606      0.2740    6.25e-05
   113      0.3232      0.2596      0.2866    6.25e-05
   114      0.3231      0.2597      0.2639    6.25e-05
   115      0.3241      0.2605      0.2749    6.25e-05
   116      0.3225      0.2590      0.2762    6.25e-05
   117      0.3229      0.2595      0.2661    6.25e-05
   118      0.3219      0.2588      0.2613    6.25e-05
   119      0.3222      0.2590      0.2641    6.25e-05
   120      0.3221      0.2589      0.2741    6.25e-05
   121      0.3223      0.2590      0.2662    6.25e-05
   122      0.3215      0.2583      0.2843    3.13e-05
   123      0.3202      0.2576      0.2701    3.13e-05
   124      0.3196      0.2571      0.2724    3.13e-05
   125      0.3195      0.2569      0.2631    3.13e-05
   126      0.3194      0.2569      0.2657    3.13e-05
   127      0.3201      0.2575      0.2684    3.13e-05
   128      0.3192      0.2565      0.2541    3.13e-05 ✓
   129      0.3185      0.2562      0.2649    3.13e-05
   130      0.3203      0.2573      0.2741    3.13e-05
   131      0.3187      0.2563      0.2764    3.13e-05
   132      0.3191      0.2564      0.2742    3.13e-05
   133      0.3192      0.2565      0.2657    3.13e-05
   134      0.3189      0.2564      0.2557    3.13e-05
   135      0.3195      0.2568      0.2633    3.13e-05
   136      0.3183      0.2559      0.2710    3.13e-05
   137      0.3175      0.2554      0.2594    3.13e-05
   138      0.3191      0.2564      0.2575    3.13e-05
   139      0.3185      0.2561      0.2673    1.56e-05
   140      0.3178      0.2554      0.2596    1.56e-05
   141      0.3161      0.2546      0.2654    1.56e-05
   142      0.3174      0.2555      0.2598    1.56e-05
   143      0.3170      0.2551      0.2643    1.56e-05
   144      0.3175      0.2552      0.2686    1.56e-05
   145      0.3185      0.2561      0.2695    1.56e-05
   146      0.3181      0.2557      0.2713    1.56e-05
   147      0.3172      0.2550      0.2685    1.56e-05
   148      0.3166      0.2548      0.2784    1.56e-05
   149      0.3175      0.2555      0.2634    1.56e-05
   150      0.3178      0.2558      0.2640    7.81e-06
=================================================================
  Best Val MAE: 0.2541
Final Model Best Val MAE : 0.2541
Training time            : 221.3s