Loading processed data ...
  train raw: (103944, 41)  |  test raw: (1840, 38)
Refining features (+ drought proxy index) ...
  Input features (35): ['prec', 'surf_pre', 'humidity', 'tmp', 'tmp_max', 'tmp_min', 'tmp_range', 'wind', 'wind_max', 'wind_min', 'wind_range', 'month', 'week_of_year', 'prec_roll_sum_4w', 'tmp_roll_mean_4w', 'humidity_roll_mean_4w', 'prec_roll_sum_8w', 'tmp_roll_mean_8w', 'humidity_roll_mean_8w', 'prec_roll_sum_13w', 'tmp_roll_mean_13w', 'humidity_roll_mean_13w', 'tmp_lag1w', 'humidity_lag1w', 'prec_lag1w', 'wind_lag1w', 'tmp_lag2w', 'humidity_lag2w', 'prec_lag2w', 'wind_lag2w', 'pet', 'deficit', 'deficit_roll_cum_4w', 'deficit_roll_cum_8w', 'deficit_roll_cum_13w']
  train after refinement: (103678, 43)  |  test: (1840, 40)
Fitting StandardScaler on training feature matrix ...

=================================================================
Walk-Forward Cross-Validation  (3 folds x 5 weeks)
=================================================================

-- Fold 1/3 --
  Train seqs: 100,752  |  Val seqs: 133
=================================================================
 Epoch  BlendLoss   TrainMAE     ValMAE         LR
=================================================================
     1      1.2939      0.9659      0.6263    1.00e-03 checkmark
     2      1.0447      0.7853      0.5425    1.00e-03 checkmark
     3      0.9191      0.6985      0.5038    1.00e-03 checkmark
     4      0.8420      0.6448      0.4930    1.00e-03 checkmark
     5      0.7905      0.6070      0.4438    1.00e-03 checkmark
     6      0.7479      0.5766      0.4559    1.00e-03
     7      0.7159      0.5531      0.4180    1.00e-03 checkmark
     8      0.6859      0.5309      0.5191    1.00e-03
     9      0.6601      0.5121      0.5251    1.00e-03
    10      0.6394      0.4966      0.4762    1.00e-03
    11      0.6148      0.4792      0.4828    1.00e-03
    12      0.5988      0.4675      0.5560    1.00e-03
    13      0.5787      0.4523      0.5365    1.00e-03
    14      0.5666      0.4434      0.5560    1.00e-03
    15      0.5517      0.4322      0.6153    1.00e-03
    16      0.5411      0.4244      0.6490    1.00e-03
    17      0.5300      0.4166      0.6487    1.00e-03
    18      0.5178      0.4071      0.5585    5.00e-04
    19      0.4900      0.3867      0.7038    5.00e-04
    20      0.4806      0.3791      0.6704    5.00e-04
    21      0.4753      0.3753      0.7844    5.00e-04
    22      0.4701      0.3713      0.7367    5.00e-04
    23      0.4656      0.3675      0.6743    5.00e-04
    24      0.4612      0.3643      0.6143    5.00e-04
    25      0.4574      0.3617      0.6633    5.00e-04
    26      0.4527      0.3577      0.7218    5.00e-04
    27      0.4489      0.3555      0.7131    5.00e-04
    28      0.4450      0.3526      0.7297    5.00e-04
    29      0.4404      0.3487      0.7798    2.50e-04
    30      0.4283      0.3401      0.7546    2.50e-04
    31      0.4246      0.3368      0.7787    2.50e-04
    32      0.4239      0.3365      0.7619    2.50e-04

  Early stopping at epoch 32 (no MAE improvement for 25 epochs).
=================================================================
  Best Val MAE: 0.4180
  Fold 1 Best Val MAE: 0.4180

-- Fold 2/3 --
  Train seqs: 100,087  |  Val seqs: 133
=================================================================
 Epoch  BlendLoss   TrainMAE     ValMAE         LR
=================================================================
     1      1.2986      0.9746      0.7504    1.00e-03 checkmark
     2      1.0589      0.7971      0.7779    1.00e-03
     3      0.9322      0.7055      0.9328    1.00e-03
     4      0.8637      0.6573      0.7674    1.00e-03
     5      0.8142      0.6226      0.7793    1.00e-03
     6      0.7662      0.5886      0.8095    1.00e-03
     7      0.7334      0.5644      0.6773    1.00e-03 checkmark
     8      0.7016      0.5412      0.6698    1.00e-03 checkmark
     9      0.6791      0.5254      0.7863    1.00e-03
    10      0.6509      0.5042      0.8215    1.00e-03
    11      0.6345      0.4925      0.6739    1.00e-03
    12      0.6171      0.4802      0.6487    1.00e-03 checkmark
    13      0.6031      0.4695      0.6305    1.00e-03 checkmark
    14      0.5873      0.4584      0.7713    1.00e-03
    15      0.5726      0.4479      0.7903    1.00e-03
    16      0.5609      0.4395      0.7215    1.00e-03
    17      0.5468      0.4286      0.8737    1.00e-03
    18      0.5356      0.4207      0.7089    1.00e-03
    19      0.5249      0.4128      0.6144    1.00e-03 checkmark
    20      0.5148      0.4054      0.7328    1.00e-03
    21      0.5059      0.3984      0.9950    1.00e-03
    22      0.4996      0.3940      0.7704    1.00e-03
    23      0.4929      0.3886      0.6642    1.00e-03
    24      0.4826      0.3813      0.8137    1.00e-03
    25      0.4731      0.3734      0.8062    1.00e-03
    26      0.4693      0.3708      0.7061    1.00e-03
    27      0.4580      0.3625      0.7470    1.00e-03
    28      0.4559      0.3607      0.9207    1.00e-03
    29      0.4474      0.3545      0.6976    1.00e-03
    30      0.4426      0.3504      0.7437    5.00e-04
    31      0.4212      0.3344      0.8499    5.00e-04
    32      0.4165      0.3309      0.8469    5.00e-04
    33      0.4124      0.3279      0.7354    5.00e-04
    34      0.4089      0.3252      0.8660    5.00e-04
    35      0.4056      0.3225      0.7990    5.00e-04
    36      0.4033      0.3211      0.8793    5.00e-04
    37      0.4011      0.3191      0.8828    5.00e-04
    38      0.3992      0.3178      0.8264    5.00e-04
    39      0.3972      0.3160      0.8635    5.00e-04
    40      0.3940      0.3137      0.8566    5.00e-04
    41      0.3915      0.3117      0.9013    2.50e-04
    42      0.3818      0.3047      0.8681    2.50e-04
    43      0.3789      0.3022      0.8628    2.50e-04
    44      0.3773      0.3012      0.8541    2.50e-04

  Early stopping at epoch 44 (no MAE improvement for 25 epochs).
=================================================================
  Best Val MAE: 0.6144
  Fold 2 Best Val MAE: 0.6144

-- Fold 3/3 --
  Train seqs: 99,422  |  Val seqs: 133
=================================================================
 Epoch  BlendLoss   TrainMAE     ValMAE         LR
=================================================================
     1      1.2757      0.9571      1.1200    1.00e-03 checkmark
     2      1.0189      0.7716      0.8799    1.00e-03 checkmark
     3      0.9174      0.6980      0.8463    1.00e-03 checkmark
     4      0.8453      0.6460      0.7428    1.00e-03 checkmark
     5      0.7948      0.6087      0.7056    1.00e-03 checkmark
     6      0.7535      0.5784      0.6755    1.00e-03 checkmark
     7      0.7130      0.5493      0.7638    1.00e-03
     8      0.6840      0.5292      0.9558    1.00e-03
     9      0.6613      0.5122      0.7899    1.00e-03
    10      0.6331      0.4919      0.7508    1.00e-03
    11      0.6151      0.4788      0.8165    1.00e-03
    12      0.5957      0.4643      0.7514    1.00e-03
    13      0.5808      0.4536      0.8390    1.00e-03
    14      0.5681      0.4441      0.9347    1.00e-03
    15      0.5540      0.4335      0.7628    1.00e-03
    16      0.5416      0.4245      0.8499    1.00e-03
    17      0.5314      0.4168      0.8656    5.00e-04
    18      0.5033      0.3957      0.8872    5.00e-04
    19      0.4935      0.3882      0.8468    5.00e-04
    20      0.4880      0.3842      0.8809    5.00e-04
    21      0.4828      0.3802      0.8486    5.00e-04
    22      0.4776      0.3762      0.8153    5.00e-04
    23      0.4732      0.3726      0.8025    5.00e-04
    24      0.4695      0.3705      0.9209    5.00e-04
    25      0.4621      0.3645      0.7939    5.00e-04
    26      0.4608      0.3634      0.8828    5.00e-04
    27      0.4566      0.3603      0.8257    5.00e-04
    28      0.4512      0.3557      0.8217    2.50e-04
    29      0.4376      0.3458      0.9286    2.50e-04
    30      0.4367      0.3453      0.8976    2.50e-04
    31      0.4330      0.3423      0.7969    2.50e-04

  Early stopping at epoch 31 (no MAE improvement for 25 epochs).
=================================================================
  Best Val MAE: 0.6755
  Fold 3 Best Val MAE: 0.6755

=================================================================
Fold MAEs : ['0.4180', '0.6144', '0.6755']
Average_Val_MAE : 0.5693
=================================================================

=================================================================
Blind Full Retraining  (TARGET_EPOCHS=37, 100% data)
Scheduler : CosineAnnealingLR(T_max=37)
No validation split. No early stopping.
=================================================================
  Full train sequences: 101,417

DroughtLSTM Architecture (v3)
========================================
  Input size   : 35  (features per week)
  LSTM layers  : 2
  Hidden size  : 64
  Dropout      : 0.4
  Output (FC)  : 5  (direct 5-step forecast)
  FC bias init : -0.98  (Sigmoid(-0.98)*5 ~= 1.36 == dataset mean)
  Activation   : Sigmoid x 5.0  -> (0, 5.0)
----------------------------------------
  Total params : 59,461
=======================================================
 Epoch  BlendLoss   TrainMAE         LR
=======================================================
     1      1.2549      0.9370    9.98e-04
     2      1.0080      0.7604    9.93e-04
     3      0.9057      0.6906    9.84e-04
     4      0.8399      0.6441    9.71e-04
     5      0.7898      0.6084    9.56e-04
     6      0.7418      0.5736    9.37e-04
     7      0.7080      0.5492    9.14e-04
     8      0.6823      0.5306    8.89e-04
     9      0.6599      0.5134    8.61e-04
    10      0.6370      0.4962    8.30e-04
    11      0.6168      0.4815    7.97e-04
    12      0.5991      0.4678    7.62e-04
    13      0.5801      0.4541    7.25e-04
    14      0.5654      0.4436    6.86e-04
    15      0.5540      0.4340    6.46e-04
    16      0.5423      0.4256    6.05e-04
    17      0.5311      0.4169    5.64e-04
    18      0.5226      0.4108    5.21e-04
    19      0.5147      0.4052    4.79e-04
    20      0.5070      0.3988    4.36e-04
    21      0.5000      0.3935    3.95e-04
    22      0.4929      0.3885    3.54e-04
    23      0.4858      0.3828    3.14e-04
    24      0.4804      0.3792    2.75e-04
    25      0.4744      0.3744    2.38e-04
    26      0.4696      0.3707    2.03e-04
    27      0.4663      0.3682    1.70e-04
    28      0.4609      0.3640    1.39e-04
    29      0.4581      0.3621    1.11e-04
    30      0.4558      0.3606    8.57e-05
    31      0.4531      0.3581    6.35e-05
    32      0.4515      0.3574    4.44e-05
    33      0.4496      0.3557    2.86e-05
    34      0.4479      0.3542    1.61e-05
    35      0.4465      0.3534    7.19e-06
    36      0.4465      0.3535    1.80e-06
    37      0.4453      0.3526    0.00e+00
=======================================================
  Final model saved -> /home/sean/文件/NYCU/114-2/Data Mining/FinalProject/models/final_model_v3.pt
Blind training complete. Epochs trained : 37
Training time : 120.4s